48.5353 21.0295 63.2874 
-30.1479 19.5586 -5.87412 
131.13 20.0766 158.74 
52.8807 20.0083 34.22 
14.673 19.9676 25.2556 
26.9196 21.7008 45.4244 
-0.162765 18.9169 -54.5214 
-14.1257 18.2791 65.1721 
-35.4443 19.7432 51.6903 
-33.8037 19.8435 73.5612 
0.139028 21.2768 -131.96 
220.398 21.1279 142.273 
124.553 23.5088 -111.197 
125.615 16.7629 76.7133 
143.104 21.2768 -26.5377 
122.91 21.2768 -91.6955 
162.505 24.7417 -89.2296 
191.859 23.2377 -61.0582 
170.784 21.2768 -121.005 
38.8052 21.2768 42.918 
108.833 26.4755 7.51046 
61.5917 27.2931 -4.94632 
23.436 20.1057 93.7931 
140.785 23.8332 135.738 
211.596 22.7006 -122.381 
215.467 32.6476 7.58064 
73.4503 48.5022 3.77104 
55.7508 20.7844 32.3518 
68.7726 27.0204 -85.7101 
-9.54199 23.4016 -111.521 
60 17.3731 0 
0 -50 0 
0 0 0 
-9.46583 15 0 
-12.3626 18.6082 124.737 
